Number of elements   =  108
Number of nodes      =  56

# Węzły
      1 ( 0.333334, 0.000000, 0.333334)
      2 ( 0.666667, 0.000000, 0.333334) 
      3 ( 0.333334, 0.000000, 1.000000) 
      4 ( 0.333334, 0.000000, 0.666667) 
      5 ( 0.666667, 0.000000, 0.666667) 
      6 ( 0.333334, 1.000000, 0.333334) 
      7 ( 0.666667, 1.000000, 0.000000) 
      8 ( 0.666667, 1.000000, 0.333334) 
      9 ( 1.000000, 1.000000, 0.000000) 
     10 ( 1.000000, 1.000000, 0.333334) 
     11 ( 0.666667, 1.000000, 0.666667) 
     12 ( 1.000000, 1.000000, 0.666667) 
     13 ( 0.666667, 1.000000, 1.000000) 
     14 ( 0.333334, 1.000000, 0.666667) 
     15 ( 1.000000, 1.000000, 1.000000) 
     16 ( 0.333334, 0.000000, 0.000000) 
     17 ( 0.333334, 0.333334, 0.000000) 
     18 ( 1.000000, 0.000000, 0.000000) 
     19 ( 0.666667, 0.000000, 0.000000) 
     20 ( 1.000000, 0.333334, 0.000000) 
     21 ( 0.666667, 0.333334, 0.000000) 
     22 ( 0.000000, 1.000000, 0.000000) 
     23 ( 0.000000, 0.666667, 0.000000) 
     24 ( 0.333334, 1.000000, 0.000000) 
     25 ( 0.333334, 0.666667, 0.000000) 
     26 ( 0.666667, 0.666667, 0.000000) 
     27 ( 1.000000, 0.000000, 0.333334) 
     28 ( 1.000000, 0.000000, 0.666667) 
     29 ( 1.000000, 0.666667, 0.333334) 
     30 ( 1.000000, 0.666667, 0.000000) 
     31 ( 1.000000, 0.666667, 0.666667) 
     32 ( 1.000000, 0.333334, 0.333334) 
     33 ( 1.000000, 0.666667, 1.000000) 
     34 ( 1.000000, 0.333334, 0.666667) 
     35 ( 1.000000, 0.000000, 1.000000) 
     36 ( 0.666667, 0.000000, 1.000000) 
     37 ( 1.000000, 0.333334, 1.000000) 
     38 ( 0.666667, 0.333334, 1.000000) 
     39 ( 0.333334, 0.666667, 1.000000) 
     40 ( 0.000000, 0.666667, 1.000000) 
     41 ( 0.333334, 0.333334, 1.000000) 
     42 ( 0.333334, 1.000000, 1.000000) 
     43 ( 0.666667, 0.666667, 1.000000) 
     44 ( 0.000000, 0.000000, 1.000000) 
     45 ( 0.000000, 0.333334, 0.666667) 
     46 ( 0.000000, 0.000000, 0.666667) 
     47 ( 0.000000, 0.000000, 0.000000) 
     48 ( 0.000000, 0.333334, 0.000000) 
     49 ( 0.000000, 0.333334, 0.333334) 
     50 ( 0.000000, 0.000000, 0.333334) 
     51 ( 0.000000, 0.333334, 1.000000) 
     52 ( 0.000000, 1.000000, 1.000000) 
     53 ( 0.000000, 1.000000, 0.666667) 
     54 ( 0.000000, 0.666667, 0.666667) 
     55 ( 0.000000, 1.000000, 0.333334) 
     56 ( 0.000000, 0.666667, 0.333334) 

# Elementy
      1       1       2       5
      2       1       2      19
      3       1       4       5
      4       1       4      46
      5       1      16      19
      6       1      16      47
      7       1      46      50
      8       1      47      50
      9       2       5      28
     10       2      18      19
     11       2      18      27
     12       2      27      28
     13       3       4       5
     14       3       4      46
     15       3       5      36
     16       3      36      38
     17       3      38      41
     18       3      41      51
     19       3      44      46
     20       3      44      51
     21       5      28      35
     22       5      35      36
     23       6       7       8
     24       6       7      24
     25       6       8      11
     26       6      11      14
     27       6      14      53
     28       6      22      24
     29       6      22      55
     30       6      53      55
     31       7       8      10
     32       7       9      10
     33       7       9      30
     34       7      24      25
     35       7      25      26
     36       7      26      30
     37       8      10      12
     38       8      11      12
     39       9      10      29
     40       9      29      30
     41      10      12      31
     42      10      29      31
     43      11      12      15
     44      11      13      15
     45      11      13      42
     46      11      14      42
     47      12      15      33
     48      12      31      33
     49      13      15      33
     50      13      33      43
     51      13      39      42
     52      13      39      43
     53      14      42      52
     54      14      52      53
     55      16      17      21
     56      16      17      48
     57      16      19      21
     58      16      47      48
     59      17      21      26
     60      17      23      25
     61      17      23      48
     62      17      25      26
     63      18      19      21
     64      18      20      21
     65      18      20      27
     66      20      21      26
     67      20      26      30
     68      20      27      32
     69      20      30      32
     70      22      23      25
     71      22      23      56
     72      22      24      25
     73      22      55      56
     74      23      48      49
     75      23      49      56
     76      27      28      32
     77      28      32      34
     78      28      34      35
     79      29      30      32
     80      29      31      34
     81      29      32      34
     82      31      33      37
     83      31      34      37
     84      33      37      38
     85      33      38      43
     86      34      35      37
     87      35      36      38
     88      35      37      38
     89      38      39      41
     90      38      39      43
     91      39      40      51
     92      39      40      52
     93      39      41      51
     94      39      42      52
     95      40      45      51
     96      40      45      54
     97      40      52      53
     98      40      53      54
     99      44      45      46
    100      44      45      51
    101      45      46      49
    102      45      49      56
    103      45      54      56
    104      46      49      50
    105      47      48      50
    106      48      49      50
    107      53      54      56
    108      53      55      56
